0.9503465890884399
-2.7064292430877686
-1.9061447381973267
0.06819470971822739
-0.18223914504051208
0.002394868526607752
1.6142395734786987
-0.003504704451188445
2.264686107635498
41.06730270385742
1.1909208297729492
1.1706328392028809
1.1883368492126465
3.350537061691284
3.1841237545013428
3.190607786178589
1.680540919303894
0.5379329323768616
0.18445026874542236
0.15145786106586456
-0.03677459433674812
1.0269465446472168
1.028846025466919
-0.0077450331300497055
0.007690695580095053
0.03989673778414726
-0.04566317796707153
-0.00918834563344717
-0.006638323422521353
