0.05749538540840149
0.7434685230255127
0.21012265980243683
0.0523899681866169
0.11729004234075546
0.026165302842855453
0.16724377870559692
0.0051537263207137585
1.472470760345459
93.44551086425781
1.5835341215133667
1.5955497026443481
1.480441689491272
2.8488552570343018
2.968409538269043
2.9714763164520264
0.08280901610851288
0.2607729136943817
0.26897937059402466
0.21448013186454773
0.08752705156803131
0.10224542021751404
0.10441084206104279
0.0736914873123169
0.108376145362854
0.3534919023513794
0.656401515007019
0.010339534841477871
0.07656435668468475
