0.9732086062431335
-2.7218899726867676
-1.945070743560791
0.06834153085947037
-0.1790763884782791
0.0025472491979599
1.7452421188354492
-0.004339802544564009
2.3438193798065186
44.050907135009766
1.2328248023986816
1.1991870403289795
1.2250384092330933
3.256378412246704
3.122138500213623
3.135230779647827
1.8515160083770752
0.5306490063667297
0.1894008368253708
0.15439198911190033
-0.04013633728027344
1.0189751386642456
1.0211719274520874
-0.00726917153224349
0.007670109625905752
0.02093415893614292
-0.06257179379463196
-0.009240749292075634
-0.005675570573657751
