0.08959121257066727
0.764509379863739
0.21675674617290497
0.05439823493361473
0.12019667029380798
0.029142800718545914
0.21511231362819672
0.006957727950066328
1.560953140258789
116.10215759277344
1.6360458135604858
1.6561782360076904
1.550358533859253
2.8545358180999756
3.0314199924468994
3.032233953475952
0.20518432557582855
0.2649017870426178
0.28149864077568054
0.2233140766620636
0.09423338621854782
0.11595847457647324
0.11828209459781647
0.057009533047676086
0.0870690569281578
0.28617504239082336
0.6838377714157104
0.010734976269304752
0.07488059252500534
