0.9485553503036499
-2.5734636783599854
-1.9337139129638672
0.06101846322417259
-0.16496823728084564
0.0015633569564670324
1.622728705406189
-0.004918578080832958
2.037832260131836
29.20290184020996
1.006405234336853
0.9635266661643982
0.9782050848007202
2.9017364978790283
2.7985382080078125
2.8087925910949707
1.7328622341156006
0.4945664703845978
0.14198963344097137
0.11638278514146805
-0.02476642280817032
1.0344525575637817
1.0373278856277466
-0.009366709738969803
0.023360691964626312
0.03578827530145645
-0.1611664742231369
-0.007879582233726978
-0.00524609349668026
