0.06612998247146606
0.6894744634628296
0.19677536189556122
0.04736235365271568
0.11056531965732574
0.020733598619699478
0.16692082583904266
0.007645151577889919
1.260337233543396
75.51962280273438
1.4217653274536133
1.446816325187683
1.299800992012024
2.55415415763855
2.7061307430267334
2.706012725830078
0.09965195506811142
0.2519961893558502
0.21517634391784668
0.1790289729833603
0.0678233876824379
0.12003829330205917
0.12126797437667847
0.07655924558639526
0.12348588556051254
0.38632720708847046
0.6271823644638062
0.008977863006293774
0.0757332593202591
