0.6423126459121704
0.056624703109264374
-1.964969515800476
-2.0721004009246826
0.2092864215373993
-0.3135448396205902
-0.029152551665902138
2.2104408740997314
-0.018956752493977547
3.5229156017303467
67.74948120117188
0.7574270367622375
0.9369012713432312
0.22884468734264374
1.8113514184951782
1.659678339958191
1.695485234260559
1.6483534574508667
0.5369717478752136
0.2641533613204956
0.06758563220500946
0.01707593724131584
1.047366976737976
1.0496418476104736
-0.08299656957387924
0.3986159563064575
0.7461276054382324
-0.2578009366989136
2.6972193717956543
-0.013602458871901035
-0.03227352350950241
