0.15940219163894653
0.027966279536485672
0.4915253818035126
0.1745726317167282
0.11110127717256546
0.16377827525138855
0.06649324297904968
0.2336188405752182
0.015426614321768284
2.112344264984131
120.14297485351562
1.2435221672058105
1.6673184633255005
2.72122859954834
2.16837215423584
2.467202663421631
2.468608856201172
0.09769630432128906
0.24963171780109406
0.1968645602464676
0.10839445888996124
0.07252737134695053
0.1943787783384323
0.18617022037506104
0.0862615630030632
0.2314385324716568
0.5688095688819885
0.30227982997894287
0.8452771902084351
0.01737905479967594
0.04739731177687645
