0.640690803527832
0.057125505059957504
-2.014190673828125
-2.0714540481567383
0.22197191417217255
-0.33162355422973633
-0.03195928409695625
2.235806703567505
-0.017725441604852676
3.7026526927948
74.82467651367188
0.8276586532592773
1.0271143913269043
0.3952551782131195
1.9571510553359985
2.143869161605835
2.1776273250579834
1.6197589635849
0.567282497882843
0.28694844245910645
0.07458770275115967
0.018578078597784042
1.0358092784881592
1.0382641553878784
-0.08510395884513855
0.372182160615921
0.7683607935905457
-0.2369300276041031
2.7133607864379883
-0.014444543980062008
-0.032985396683216095
