0.16185498237609863
0.028227249160408974
0.4931889772415161
0.1707153171300888
0.10975731164216995
0.16059106588363647
0.07140977680683136
0.22600522637367249
0.015008116140961647
2.1640465259552
131.9897003173828
1.3167874813079834
1.7460412979125977
4.275048732757568
2.1793673038482666
5.851716995239258
5.849570274353027
0.10261653363704681
0.24274644255638123
0.2022678256034851
0.11532779783010483
0.0777629092335701
0.20145221054553986
0.19382816553115845
0.08697166293859482
0.2256212681531906
0.5806329846382141
0.3101448714733124
0.8516727089881897
0.017725056037306786
0.047534454613924026
