0.6446439623832703
0.05614416301250458
-1.941547155380249
-2.0782394409179688
0.2050192654132843
-0.30702200531959534
-0.027773402631282806
2.2056033611297607
-0.019256265833973885
3.4141664505004883
62.182857513427734
0.7058824896812439
0.8830887079238892
0.25187864899635315
1.6605110168457031
1.8272145986557007
1.8581962585449219
1.643879771232605
0.5279102325439453
0.25576290488243103
0.06961013376712799
0.014862127602100372
1.039456844329834
1.0423270463943481
-0.08432234078645706
0.40343114733695984
0.7493570446968079
-0.2712871730327606
2.6826119422912598
-0.014218124561011791
-0.03212295100092888
