0.15994268655776978
0.028036678209900856
0.4742889404296875
0.17060674726963043
0.10892944782972336
0.16050466895103455
0.06342539191246033
0.23332512378692627
0.01550697535276413
2.034316301345825
116.95487976074219
1.1838312149047852
1.598447322845459
3.7887253761291504
1.9622235298156738
5.194381237030029
5.194788455963135
0.09838156402111053
0.24509577453136444
0.1911691278219223
0.10770227015018463
0.07073859870433807
0.19048678874969482
0.18394184112548828
0.08920527994632721
0.2324645221233368
0.5849276185035706
0.2909734547138214
0.8468093276023865
0.016866782680153847
0.047219790518283844
