0.9528619050979614
-2.678555965423584
-1.9103442430496216
0.06809864938259125
-0.17923226952552795
0.002338459948077798
1.6349329948425293
-0.004392283037304878
2.2820234298706055
43.791717529296875
1.197431206703186
1.1624382734298706
1.1947027444839478
3.2182281017303467
3.1073601245880127
3.1192827224731445
1.7356531620025635
0.5262118577957153
0.18791398406028748
0.15333978831768036
-0.03981393575668335
1.0316200256347656
1.0343148708343506
-0.00892646610736847
0.016639437526464462
0.03157564252614975
-0.07147365808486938
-0.009304872713983059
-0.00564022408798337
