0.06644952297210693
0.7726953625679016
0.21373018622398376
0.05317135900259018
0.11812444031238556
0.02907399833202362
0.16800077259540558
0.006992435548454523
1.5515085458755493
114.52464294433594
1.6158778667449951
1.6378768682479858
1.5270304679870605
2.838628053665161
3.0055110454559326
3.007650136947632
0.10847628861665726
0.26415643095970154
0.2831271290779114
0.22955846786499023
0.09514162689447403
0.11407528072595596
0.11580748111009598
0.07574143260717392
0.11910794675350189
0.3832584321498871
0.686965823173523
0.010779734700918198
0.07525443285703659
